MongoDB build results (in ms)
Trial		Books		Authors		Publishers
1		2590		2771		2602		
2		24637		22550		22680		
3		117010		137185		46462		
4		308384		283229		100281		
5		985975		950509		167521		

MariaDB build results (in ms)
Trial		Books		Authors		Publishers
1		540		525		475		
2		6160		5976		4850		
3		31407		31767		13152		
4		86211		85321		30003		
5		303464		302101		48943		

MongoDB query results (in ms), Number of selects per trial: 100
Trial	Update1	Update2	Update3	Select1	Select2	Select3	Select4	Select5	Select6	Select7	Delete1	Delete2	Delete3
1	158	134	116	2537	2398	2976	3760	4373	4144	2674	117	116	220	
2	157	144	157	2526	2387	3425	7669	19411	17497	3377	141	146	148	
3	177	162	168	2555	2535	3244	25544	57662	51174	8677	168	170	180	
4	180	169	225	2638	2502	3903	49964	99077	94515	9446	268	168	170	
5	205	234	173	3745	2504	3929	108827	284607	256540	9788	170	170	178	

MariaDB query results (in ms), Number of selects per trial: 100
Trial	Update1	Update2	Update3	Select1	Select2	Select3	Select4	Select5	Select6	Select7	Delete1	Delete2	Delete3
1	7	6	6	990	1578	1386	1554	2131	1909	1219	5	5	6	
2	6	5	6	936	973	918	6714	12577	10415	1463	11	6	6	
3	13	11	9	1102	936	971	28855	67324	45085	2526	17	14	11	
4	14	13	20	1023	994	1214	57405	137340	92057	3238	17	18	12	
5	16	15	14	945	1066	1161	130329	367330	232809	4271	31	20	16	

Number of affected rows per query
Trial	Update1	Update2	Update3	Select1	Select2	Select3	Select4	Select5	Select6	Select7	Delete1	Delete2	Delete3
1	25	75	82	18446744073709551615	18446744073709551615	18446744073709551615	18446744073709551615	18446744073709551615	18446744073709551615	18446744073709551615	25	75	82	
2	344	646	982	18446744073709551615	18446744073709551615	18446744073709551615	18446744073709551615	18446744073709551615	18446744073709551615	18446744073709551615	344	651	982	
3	1807	3450	2482	18446744073709551615	18446744073709551615	18446744073709551615	18446744073709551615	18446744073709551615	18446744073709551615	18446744073709551615	1807	3490	2482	
4	3719	7490	4982	18446744073709551615	18446744073709551615	18446744073709551615	18446744073709551615	18446744073709551615	18446744073709551615	18446744073709551615	3719	7598	4982	
5	9703	17809	7427	18446744073709551615	18446744073709551615	18446744073709551615	18446744073709551615	18446744073709551615	18446744073709551615	18446744073709551615	9703	17931	7427	
